3
200 1 30
80
9
73
3
83
12
15
4
28
44
69
7
92
29
79
31
25
81
27
97
83
35
67
62
58
34
36
32
54
2
5
34
78
79
3
27
57
85
31
85
28
66
59
20
61
37
17
86
84
11
48
66
46
14
27
3
14
30
35
35
99
7
35
43
86
38
70
42
23
67
94
17
32
52
3
93
55
21
44
38
32
92
3
44
72
97
47
86
26
48
87
25
55
21
34
40
26
3
49
49
36
42
32
68
60
36
26
14
23
70
52
21
61
55
65
32
51
78
84
44
25
71
35
47
92
69
53
17
72
1
32
74
9
31
41
69
67
33
83
56
2
34
43
29
55
74
61
6
51
44
16
42
14
51
89
73
19
8
56
57
9
89
30
19
86
37
88
18
70
37
74
72
37
83
0
93
56
27
65
73
37
81
14
18
31
70
91
16
44
12
73
53
67
69
38
52
5
26
70
75